序号,股东名称,股东类型,统计次数,公告日后涨幅统计-10个交易日-平均涨幅,公告日后涨幅统计-10个交易日-最大涨幅,公告日后涨幅统计-10个交易日-最小涨幅,公告日后涨幅统计-30个交易日-平均涨幅,公告日后涨幅统计-30个交易日-最大涨幅,公告日后涨幅统计-30个交易日-最小涨幅,公告日后涨幅统计-60个交易日-平均涨幅,公告日后涨幅统计-60个交易日-最大涨幅,公告日后涨幅统计-60个交易日-最小涨幅,持有个股
1,香港中央结算有限公司,其他,3,-0.06296211,-0.01461057,-0.10344828,-0.06296211,-0.01461057,-0.10344828,-0.06296211,-0.01461057,-0.10344828,"002123|梦网科技,300708|聚灿光电,300803|指南针"
2,黄光辉,个人,1,-0.07082749,-0.07082749,-0.07082749,-0.07082749,-0.07082749,-0.07082749,-0.07082749,-0.07082749,-0.07082749,300708|聚灿光电
3,隋雅丽,个人,1,-0.01461057,-0.01461057,-0.01461057,-0.01461057,-0.01461057,-0.01461057,-0.01461057,-0.01461057,-0.01461057,300803|指南针
4,陈年村,个人,1,-0.07082749,-0.07082749,-0.07082749,-0.07082749,-0.07082749,-0.07082749,-0.07082749,-0.07082749,-0.07082749,300708|聚灿光电
5,陈宽余,个人,1,-0.01461057,-0.01461057,-0.01461057,-0.01461057,-0.01461057,-0.01461057,-0.01461057,-0.01461057,-0.01461057,300803|指南针
6,金福芽,个人,1,-0.07082749,-0.07082749,-0.07082749,-0.07082749,-0.07082749,-0.07082749,-0.07082749,-0.07082749,-0.07082749,300708|聚灿光电
7,郑素婵,个人,1,-0.07082749,-0.07082749,-0.07082749,-0.07082749,-0.07082749,-0.07082749,-0.07082749,-0.07082749,-0.07082749,300708|聚灿光电
8,邱业致,个人,1,-0.10344828,-0.10344828,-0.10344828,-0.10344828,-0.10344828,-0.10344828,-0.10344828,-0.10344828,-0.10344828,002123|梦网科技
9,石娟芬,个人,1,0.17476341,0.17476341,0.17476341,0.14826498,0.14826498,0.14826498,0.14826498,0.14826498,0.14826498,688186|广大特材
10,王慧君,个人,1,-0.10344828,-0.10344828,-0.10344828,-0.10344828,-0.10344828,-0.10344828,-0.10344828,-0.10344828,-0.10344828,002123|梦网科技
11,潘智楠,个人,1,0.17476341,0.17476341,0.17476341,0.14826498,0.14826498,0.14826498,0.14826498,0.14826498,0.14826498,688186|广大特材
12,潘华荣,个人,1,-0.07082749,-0.07082749,-0.07082749,-0.07082749,-0.07082749,-0.07082749,-0.07082749,-0.07082749,-0.07082749,300708|聚灿光电
13,殷作钊,个人,1,-0.07082749,-0.07082749,-0.07082749,-0.07082749,-0.07082749,-0.07082749,-0.07082749,-0.07082749,-0.07082749,300708|聚灿光电
14,徐卫明,个人,1,0.17476341,0.17476341,0.17476341,0.14826498,0.14826498,0.14826498,0.14826498,0.14826498,0.14826498,688186|广大特材
15,张春林,个人,1,-0.01461057,-0.01461057,-0.01461057,-0.01461057,-0.01461057,-0.01461057,-0.01461057,-0.01461057,-0.01461057,300803|指南针
16,孙立平,个人,1,0.17476341,0.17476341,0.17476341,0.14826498,0.14826498,0.14826498,0.14826498,0.14826498,0.14826498,688186|广大特材
17,孙永杰,个人,1,-0.07082749,-0.07082749,-0.07082749,-0.07082749,-0.07082749,-0.07082749,-0.07082749,-0.07082749,-0.07082749,300708|聚灿光电
18,姚向军,个人,1,-0.07082749,-0.07082749,-0.07082749,-0.07082749,-0.07082749,-0.07082749,-0.07082749,-0.07082749,-0.07082749,300708|聚灿光电
19,周曦帆,个人,1,-0.07082749,-0.07082749,-0.07082749,-0.07082749,-0.07082749,-0.07082749,-0.07082749,-0.07082749,-0.07082749,300708|聚灿光电
20,天创18号私募证券投资基金,其他,1,0.17476341,0.17476341,0.17476341,0.14826498,0.14826498,0.14826498,0.14826498,0.14826498,0.14826498,688186|广大特材
21,挚盟超弦五号私募证券投资基金,其他,1,-0.01461057,-0.01461057,-0.01461057,-0.01461057,-0.01461057,-0.01461057,-0.01461057,-0.01461057,-0.01461057,300803|指南针
22,张家港广大特材股份有限公司2024年员工持股计划,其他,1,0.17476341,0.17476341,0.17476341,0.14826498,0.14826498,0.14826498,0.14826498,0.14826498,0.14826498,688186|广大特材
23,梦网云科技集团股份有限公司-第一期员工持股计划,其他,1,-0.10344828,-0.10344828,-0.10344828,-0.10344828,-0.10344828,-0.10344828,-0.10344828,-0.10344828,-0.10344828,002123|梦网科技
24,梦网云科技集团股份有限公司-第二期员工持股计划,其他,1,-0.10344828,-0.10344828,-0.10344828,-0.10344828,-0.10344828,-0.10344828,-0.10344828,-0.10344828,-0.10344828,002123|梦网科技
25,中国太平洋人寿保险股份有限公司-传统-普通保险产品,保险,1,0.17476341,0.17476341,0.17476341,0.14826498,0.14826498,0.14826498,0.14826498,0.14826498,0.14826498,688186|广大特材
26,南方中证1000交易型开放式指数证券投资基金,基金,1,-0.10344828,-0.10344828,-0.10344828,-0.10344828,-0.10344828,-0.10344828,-0.10344828,-0.10344828,-0.10344828,002123|梦网科技
27,中证500交易型开放式指数证券投资基金,基金,1,-0.01461057,-0.01461057,-0.01461057,-0.01461057,-0.01461057,-0.01461057,-0.01461057,-0.01461057,-0.01461057,300803|指南针
28,华安创业板50交易型开放式指数证券投资基金,基金,1,-0.01461057,-0.01461057,-0.01461057,-0.01461057,-0.01461057,-0.01461057,-0.01461057,-0.01461057,-0.01461057,300803|指南针
29,易方达创业板交易型开放式指数证券投资基金,基金,1,-0.01461057,-0.01461057,-0.01461057,-0.01461057,-0.01461057,-0.01461057,-0.01461057,-0.01461057,-0.01461057,300803|指南针
30,华宝中证金融科技主题交易型开放式指数证券投资基金,基金,1,-0.01461057,-0.01461057,-0.01461057,-0.01461057,-0.01461057,-0.01461057,-0.01461057,-0.01461057,-0.01461057,300803|指南针
31,宁波十月吴巽股权投资合伙企业(有限合伙),其他,1,0.17476341,0.17476341,0.17476341,0.14826498,0.14826498,0.14826498,0.14826498,0.14826498,0.14826498,688186|广大特材
32,张家港广大投资控股集团有限公司,其他,1,0.17476341,0.17476341,0.17476341,0.14826498,0.14826498,0.14826498,0.14826498,0.14826498,0.14826498,688186|广大特材
33,广州展新通讯科技有限公司,其他,1,-0.01461057,-0.01461057,-0.01461057,-0.01461057,-0.01461057,-0.01461057,-0.01461057,-0.01461057,-0.01461057,300803|指南针
34,广东东方精工科技股份有限公司,其他,1,-0.10344828,-0.10344828,-0.10344828,-0.10344828,-0.10344828,-0.10344828,-0.10344828,-0.10344828,-0.10344828,002123|梦网科技
35,深圳市高新投集团有限公司,其他,1,-0.10344828,-0.10344828,-0.10344828,-0.10344828,-0.10344828,-0.10344828,-0.10344828,-0.10344828,-0.10344828,002123|梦网科技
36,深圳市松禾创业投资有限公司,其他,1,-0.10344828,-0.10344828,-0.10344828,-0.10344828,-0.10344828,-0.10344828,-0.10344828,-0.10344828,-0.10344828,002123|梦网科技
37,张家港万鼎投资合伙企业(有限合伙),其他,1,0.17476341,0.17476341,0.17476341,0.14826498,0.14826498,0.14826498,0.14826498,0.14826498,0.14826498,688186|广大特材
38,睿远成长价值混合型证券投资基金,基金,1,-0.10344828,-0.10344828,-0.10344828,-0.10344828,-0.10344828,-0.10344828,-0.10344828,-0.10344828,-0.10344828,002123|梦网科技
